[hatter.jpg]
filters=sepia=1;warm=1;PicnikGrain=1,10.000000,0;CrossProcess=1,5.847953;
moddate=9f63e49362c2d501
width=1920
height=1440
textactive=0
